1 | (0.62036191929368, 2.80441718433226) | 2.31128104511833 | (-0.84493217392761, 0.75246322861852) | 67.68316949046451 | (4.3796381e+00, 4.1955828e+00, 1.9865941e+00) | 1.55670691834144 | (0.78022423968520, -0.81445179752351) | (-42.47669187637684, 33.00157255511101, 33.00157255511101, -24.05029118146919)
2 | (1.32672956480255, 2.06706198651212) | 3.10768657624145 | (1.65732572928055, 0.02578930269009) | 0.90533927245566 | (7.0636765e-01, 7.3735520e-01, 7.9640553e-01) | 1.43700132590111 | (-0.87710148959535, -0.84024110021361) | (-0.33828638154651, 0.43299882665375, 0.43299882665375, 0.85990443714531)
3 | (0.89409782757237, 1.65261169633496) | 3.55420052259280 | (-1.57179751956918, -0.11506950539619) | 0.49325162750524 | (4.3263174e-01, 4.1445029e-01, 4.4651395e-01) | 1.96609713940388 | (0.69469602997384, -0.72517159481742) | (0.25283976357762, -0.29146571388737, -0.29146571388737, 0.88629980795197)
4 | (1.11826129721989, 1.41861441728010) | 3.72581375373599 | (1.17373399403873, -0.26626535514257) | 0.32267849530673 | (2.2416347e-01, 2.3399728e-01, 1.7161323e-01) | 1.39731925243247 | (-0.47903796406489, -0.45890623967485) | (0.54152664953637, 0.24327773284515, 0.24327773284515, 0.87091058784894)
5 | (0.97945918564387, 1.28564550905041) | 3.79174770187577 | (-0.76229364239155, -0.16322438779140) | 0.28975179837149 | (1.3880211e-01, 1.3296891e-01, 6.5933948e-02) | 1.90944297302792 | (0.28325567832666, -0.29568185188346) | (0.57389085812546, -0.21355739789810, -0.21355739789810, 0.89296929421327)
6 | (1.05667107074108, 1.20504640753256) | 3.81475470161540 | (0.46076388421773, -0.12563350749457) | 0.27258724539380 | (7.7211885e-02, 8.0599102e-02, 2.3007000e-02) | 1.45963555432823 | (-0.17750820589107, -0.17004834438888) | (0.61871056103181, 0.21591246399028, 0.21591246399028, 0.87773542264242)
7 | (1.00948930845343, 1.15984747984306) | 3.82283873192350 | (-0.27741000172999, -0.06576386619586) | 0.26580045722846 | (4.7181762e-02, 4.5198928e-02, 8.0840303e-03) | 1.71627762486054 | (0.09990179583892, -0.10428447819302) | (0.61182128127946, -0.20121701050861, -0.20121701050861, 0.89569679282916)
8 | (1.03602852530621, 1.13214399005188) | 3.82561111055672 | (0.16159101572242, -0.04518779327791) | 0.26565305087776 | (2.6539217e-02, 2.7703490e-02, 2.7723786e-03) | 1.52395233042846 | (-0.06168921988350, -0.05909668491511) | (0.62935631492379, 0.21186415482669, 0.21186415482669, 0.87889603436465)
9 | (1.01990461910869, 1.11669770290552) | 3.82656646558180 | (-0.09608507252310, -0.02319180100842) | 0.26137315770844 | (1.6123906e-02, 1.5446287e-02, 9.5535503e-04) | 1.62423905342710 | (0.03439585263960, -0.03590488390669) | (0.61880566049221, -0.19881505765133, -0.19881505765133, 0.89630636383547)
10 | (1.02899955537275, 1.10720374925589) | 3.82689334772973 | (0.05558111284861, -0.01560994861904) | 0.26441956125799 | (9.0949363e-03, 9.4939536e-03, 3.2688215e-04) | 1.55363235420912 | (-0.02118526020901, -0.02029493528765) | (0.63124171257251, 0.21112649572285, 0.21112649572285, 0.87912299542563)
11 | (1.02348555109193, 1.10192147474281) | 3.82700541410703 | (-0.03297076709988, -0.00799236509239) | 0.26027550412042 | (5.5140043e-03, 5.2822745e-03, 1.1206638e-04) | 1.58951993494628 | (0.01178550689087, -0.01230257019527) | (0.62053225940909, -0.19820726327297, -0.19820726327297, 0.89647046372642)
12 | (1.02659847750622, 1.09867197549944) | 3.82704374662528 | (0.01904041583656, -0.00535262422895) | 0.26413173766036 | (3.1129264e-03, 3.2494992e-03, 3.8332518e-05) | 1.56478793551052 | (-0.00725490894569, -0.00694994596632) | (0.63168014495334, 0.21095098137521, 0.21095098137521, 0.87918023985558)
13 | (1.02471258935743, 1.09686536140811) | 3.82705686772443 | (-0.01128811589787, -0.00273973593441) | 0.25994649456073 | (1.8858881e-03, 1.8066141e-03, 1.3121099e-05) | 1.57725304281253 | (0.00403320695217, -0.00421021003191) | (0.62104700976969, -0.19802238101075, -0.19802238101075, 0.89652314563520)
14 | (1.02577754573900, 1.09575366788620) | 3.82706135560372 | (0.00651553046557, -0.00183215184460) | 0.26404704598678 | (1.0649564e-03, 1.1116935e-03, 4.4878793e-06) | 1.56872503702396 | (-0.00248232351340, -0.00237805818731) | (0.63180900965626, 0.21090137285855, 0.21090137285855, 0.87919479226774)
15 | (1.02513252991298, 1.09513574473568) | 3.82706289099924 | (-0.00386207093993, -0.00093777508503) | 0.25984357902671 | (6.4501583e-04, 6.1792315e-04, 1.5353955e-06) | 1.57301089903405 | (0.00137974742652, -0.00144028310227) | (0.62121361206348, -0.19796885541528, -0.19796885541528, 0.89653359000586)
16 | (1.02549680780740, 1.09475548434470) | 3.82706341615404 | (0.00222887725051, -0.00062680099679) | 0.26401781037460 | (3.6427789e-04, 3.8026039e-04, 5.2515480e-07) | 1.57008596814520 | (-0.00084912982399, -0.00081348210549) | (0.63185059769215, 0.21088249504919, 0.21088249504919, 0.87920277354958)
Number of iterations = 16
Number of function call = 1547
